$ANSIBLE_VAULT;1.1;AES256
65373535326361323662653530663137343330333830353531326132353433353230326230636431
6531613936393636316261633037633466646530643737610a626436643534386333393337363936
37323736373236623430356639303166363763393136373564356339313332376461376630656239
3037356637616663350a656439313832313238626139393061363337653538383661386336333565
36353136653631656461626137383135643465323131646437653237303261356336666134623130
33656131653464626465623837313934393630316331633638316165333866356665383837383037
36303739373763376238306339653933363066373264626631646333623932333638336439636434
62313736323338613231336261363637326430663439396361373262326566383063633763616133
32643732386265643332346436333366316139633839333433393164366664313061313936323263
30303461626362613437333934646338666634616330363961306466373566633532396264366439
66363734326663396130343764313966386162643737646334303865623731343438653764656537
35653462363864356136363432346263373531636131356164653139663364646632343734386363
66356230356635376435343535626463653632633365356234666462643732613663363831383134
35333432646463626539396534636530626561393666643634303664396338653564663031393562
32356263616265663864333666303734313536336132376463613363316234393363633037386264
37656630333966383661646464656339333964396164653161353137656537623739643230666363
38663738353062643865616238656164636162363762306438313761623031653964323134366161
38326261373063323036363837306534323634633137366130383230653934393737333533343435
62373761653730656334373935303932343131333335383162366237623961323831623536363037
31353136616166343464323763616233613536326363366438613838323439393133386533336264
34393663353537383262363930363663633234396134643539636239633566373838303138313337
65393533663766326138323365366439303530323665306530613963396437333834366139383134
37613032653635363136613436663536633930303463643631653636343435393638383265353636
62646262653530626630613266646432626162383966373736613531636238616661656437353539
36356638333331316364366663306235633164346163386130363265666532333832646435323834
30343735333136633265643963653262653962643665303433646436353539616161303961313764
35626663306438396633623666346137373265303032313964333538626566373665653862613965
39616165366530323966613434303734626639326332623065613337333434653033323439353262
62323863356361366663373733303239656339313432633039303933353563353339303530613665
34373331313065633338653934336366386131643761323331653331326130633762343039626364
36626561613630373164326661356638653933663865393435323439303064653338333630343139
32346461633365306661303364383939643532313263626461653666663230623862383965656436
31623439336533643530333063633636636638363439386533393434626537383138323733646435
36353835643034336630353164656531313664303633633638393466663963316264663462616261
64353230653561386636316232316431363635323138666637663766623133313831343338356631
38356261666265303336616331303131373364323136316137373137643765333239366331666662
63336531366161626137633932656431303634393635343963313530353338643530366531303966
34366366633136616264636235333662653866336231616634323466343766343862373132313930
30636431393339613732663064303263326130353334333432393237353164333561373936393030
66336330353163376333653434363632626265313731633339633132343235363336653634353537
36656139343136636639336631636361653339366261653335623535383661643536353266326164
37623963343065376661653637656132613038633234636634643032323631323433376536616430
37393065313864636465313365623263643263653736343135376132653035326631646637356564
36363764346135613639336430376563313961663662316432643231393230373437353633326638
34306633386534616264323462346662343961653834386334663834376361393361373736346335
61303064643139633839343265616664316165343433393335663466366231336330333533313339
32666165363565366562623637343534306166646531393838336166613430323139636533333537
36663631646238313866313434386337313938666665343831386633613761313163366364633832
61343037373734333766346230633933396138306134363035346637353766633833623362656530
65373265646538646161363731376663633331336261643164313237616363376563613634623731
63336634636636343631336665353333383533383339343039623138623834393138656461363539
61333135646365633561383761636536353735333336316335396635663337333462616339636136
37346532656436653137393037656438323131343363623131343038346639386461383261393132
37663236643864633230663731353564363035616562623739373039323563613431303165333430
38346239303532636665316133316234663237633331663362653638643935326136613466343033
66616465323666633135653630363339666562336466306631393365336135636363343664363461
38386136663635303139393039363837343937323636346563356638643035303561623838646237
32336433313963336562316266666131366363646535313230326361356161613330353261623736
33396435613366343133613035323332623036633365393332633632333561373764396666346136
38646365396666633331323739366662333436653561313730643238333166636334323336663532
31646463326234663966626164323134333436646261633036303063323364623064386635326433
31376134653730383465656336303861636362643236643434333733336361626438393930333638
36613937343133363765616539316263356439353437386136646336626139656132396261343061
37343430383739393262623931323838303332303464386265343838396465353736363731383031
63633862376166623430643565306337303739663032653432626130396238313439653636383464
37306264343830373562396162666335353539316231636234626239336637333564326638623030
36373234323663666337616531356166363638623930633631353232363937303462323264663031
65393431643439323663303561303035383433313232663439623830336663623133653565623734
64643831343335343564333031376162653036323863323333323739623131346338663638663661
36623661396133373235366334313639393232356463613635613538646239626532363738666566
35636362326565623230373334623166643064393536666634626665396631633230323435653137
30323536386636663066396437333263633337356261303531383534653234366130376237306163
63393031333830363038626163376535336235656132366637313135373736356331333862316138
66316533373265616563333464663439633363336630313963393837666561616636643032366530
64313663626430386336306536623534653035373331333761636465663061346232356165373165
38353431653137306563316563313432343336323565346234333961373664613230313539356665
35323962613165633233343730383965313365373930373132386562343033333738326338626236
30363464643839653233656466313762303166383032333834646464386665393866343532646563
33636535636262613038336233343330653464626231323239326164333061396663393061343339
39646139613864653637313437336336623638616336373238333934326339323038323666656131
64313162646562643132653231666134623264336163353465663466333536393931623134626432
61636130356338643539623332356632653261393265393162383164323061373430353239363165
30383132613363663738376430643337643263633439323234623466363161323533356435333766
33356636616637383430633662353730316437393435333465383030363031633966396230303337
34653536626361663663336531356234323836656665363334333330623435643231656130663131
62636361363564613237333565313965316330663739366134613962616663373335306261616430
35363737333331353766303233663961353139333431393635376632636235396266313334336432
34393630363937653237366264356532396132373531336165316565613939383830383265623635
66643531663637633134386566313666626161656438613430306631373465653733366166626664
32323835313965316466663664303833623461303565383730643532613262313835393331323264
35396636613561646464363736616463363966663463396535326365303531303038326139373061
64326534316462373464353234323863383365653939333764313635613336663130333162626339
65316562343638613737626131633530613761313030653361316561396530636235373361313634
31366263383336366663666463626464366364333830366434326465333162623530303161356438
65656231633334636233633763356334303438636135313535333134346633633361666465656333
62393063616532646563656638613937653834386162343964376631303138383930303032623234
63653632316533613830643738363736636339633831643163656137366135643465613139306433
62623332376533336333613136353835303864633166383963396435393331376263616138396632
61326362326636613537366665396663626534663431633532366536663639653131626661623064
35396365383131313462386564616139316665346363386232626638396662633464626361393035
64666666323336346536363432336236346239656562333930343766666362643735626334643232
34396532306531666166626435303836383063643136613864313264333532613863636266303638
35356563653165626666623030616332366564313761343834303535356131636535613132316165
62303837386562613863643036383934386661616161643763383561643864633164616639633636
38383532363466373635636231653632363062646236336265323638626535666632656165613534
33366635326262386464353366376237656335316537663730353234336165343231306465353831
37366264356333613232653232353365343963383366376361383365646262393237613662373564
30653964663962326332336161643461656534646166343233666132373235666266333866653334
35393061626263303964303063323865336631323062663132623030626562653435346463303132
35336366303537656665383733656435326366363439313634626237313763303931326566626433
39333161373337303831356532393738663332343235326261393765343930303963323532643037
38363162336632313834376638646539396664363161616664613431336633653336393436666663
61383562626638343966656230626136623433326631316665363037326237303765343635346164
62383232323065353562346137656631343766646430636466353765353534626133313939346339
35656534366630376263643037666137373266383362383339386434303165616566363534396239
63303133626431303864326635353863333038363436313933366537313933663334343436323032
32336462333138303665303438323034656639646462643838383737393666633537653538623835
64383263363964633837326265326235663330393665626435643837633036376439633761303662
66393261363335373038313061623235366536303364623739613564373833393439376366323235
33633666376431353433343765626433303939623865376364303161303532646533333966323837
39663436383337353765313138363638656333383561343133353236323462636438613837396463
61633863663639646333313538336335386433323830643261323438636332326438663538633939
38366532363564656162306366643932616438626331633937396264383666383935366262396137
35653930323130393761613161656131623830343936613632313735366536643261623138356264
62303930666633363439333661326264633064346239323530313234366139363733343434376238
61343364626538623934616435336236653037336338363138316530616538633961653066636236
66343731323966356338633865666432616632353039306534306632613564363436346631303565
66636633663666323762366430326664346363613662633462396265613366623030373833343761
38616333313964656635333963626535656161363862646462666336663832376630363064396531
64383834306339343865346262343036313131653738393132646636643766326539623836633865
35353937393563346635633764323433366531636361383037333763306430313562623465663063
34366239656139386366336537306237383337393131316332323761633732613064666439346336
66313866646662356439613033366537376334393933353765373737633535333530373764353539
61373332626335393635356237636231306666316162346132666462656465663533353734663235
32613836313539653230656165376237663035613738303935666430393833636163623531613238
32613063326136323032666566346366313166316139393462383966623362366264623361643730
64653066623634343735336331356632333966353132633836313833623830303034313935396166
37393736653866666530616664643763333530636436613534626662613862346165376433313261
61613766633632626130643862623062316634393539636436653937376433313236366337323638
66393830393464343563363864626162366464326134613961313833356665376531306365626232
64303361366531343437386364373032343039353535613432663662343639303961613535306235
32326339396264633634396366373162633332613630363832613137313131623963383432303337
66613039303763636238663763343432313832333532336334306532343465666566313565356538
61653231346561383263316465383137666462323162343261613038306632303766663862663139
63343565333039343432303863343933643037643239356466633138373337393931313434646566
65646235303865376561663839656138363239363365623665366266363934376437653933366332
38303537313963366639656561633431363662643561306131356138613038663262313134633261
36346636653266626365666364666638616634396534313666353363646431373262653665353237
31306430323865613261393637376564653565373735323335326465643764343866646533363339
36656637343865653330316134653237316162333962316166396166636238303734313964643137
31353838623766613232353262376662386634653466626538653732626566313135396666633837
63383065313261313931656434353564333264316438623037356363353364636465353338376664
38626235623832333265353435336431653932336235363933396564623431356231333231366239
38646137363634363333326437643365323438363431646463653239613236376334666236393539
32383265333535346130666438303630373636643161343138333261363362386538646537646136
31316466393739646663366139396536306262613635313464336437383038346161613032373362
33303537393564356665653737306336393131323036386262663539646132353262363662653937
66366536393334306538313466613937353633303432393565666365333236336136306136643232
35353432396138643632613034623638623836333630643864373233366131323861373065666438
37643830313737303436383663623239623036363561393661363563356165353034653361363237
37663066346166313964613161633864303363623131396165346332323835623965663037623432
65353532646232333336303635386537343862366130383263336663653236626266633061326434
33303533326430323864313463383130646262383362326563626232333163343734376637396664
62643161333633636263356331613535366334653335383664396534316233303834356537373132
31666462316539663563313063356566636561336336623536633164316435623533613431376463
61643435326332306331373732303939666664373536303139303364313363343765613461633533
61326638353963313337376335613633333935336535393334663031626538303664376164353137
63373738643634356666373434333734636538346634383332356661663739653639313263323236
32343835333030613662356662643834343834396563663265373562323132386463623531323661
64336132303234363636356666623435353536356634666336396366346363646263366238323333
63623065323535346164373439383466333336316239356439643936363864646563616266636533
38653262663139626230626461316438303331393937393963653436313139336362336234383539
34373465626166626261313633373530363966376264663835363763383164646432343363303738
39383030376332313133323765373264613835393631343464383864353237636164303036313964
36383164663265363332393865313065373966383066396538393835393937303066663866636266
37356131393465393531383130356464643132626330616565653966623736636262323137373134
35383531396336373431306366386630333662643966313338393935626463386436626634363964
64383438303065323838306339656464363638393261333733373163373364326136373064656162
30393363653236333765323731323961353336633564623535353530323261636134306136353365
31646536623536616538333434633830663164316339656663363430653931646532363461373863
62666439393339343766303333396465376537613531643631666433663238343137326563316135
38393630346436363162353464383863346262373239376635343430313337663966656339356366
30333932383462623661666230383065636236333635366164393039663766393133323336343632
61663665323564656534366137316231643265393138383963376462633665326634643033646134
39306463613366396264316534333863326133333535363731613163633266663164
